#Layer_Color=32768
#
#Feature symbol names
#
$0 r3.937
$1 r1.9685

#
#Feature attribute names
#

#
#Layer features
#
L 0.0000005 1.4812991 0.0000005 1.5187011 1 P 0
L 0.0000005 1.7913391 0.0000005 1.8307091 0 P 0
L 0.0000005 2.7362211 0.0000005 2.7755911 0 P 0
L 0.0000005 2.7362211 0.0000005 2.7755911 0 P 0
L -0.0019675 3.4271651 -0.0019675 3.5807091 1 P 0
L -0.0019675 3.4271651 0.0807085 3.4271651 1 P 0
L -0.0019675 3.5807091 0.0807085 3.5807091 1 P 0
L 0.0039365 1.9291331 0.0039365 2.0866151 0 P 0
L 0.0039365 1.9291331 0.1929125 1.9291331 0 P 0
L 0.0039365 2.0866151 0.1929125 2.0866151 0 P 0
L 0.0078745 2.5590551 0.0078745 2.5984251 0 P 0
L -0.0118115 2.5787411 0.0275585 2.5787411 0 P 0
L 0.0157485 2.3129931 0.0157485 2.3720491 0 P 0
L -0.0177155 3.4311031 -0.0177155 3.5846451 1 P 0
L -0.0187015 1.5000011 0.0187005 1.5000011 1 P 0
L -0.0196855 1.8110231 0.0196845 1.8110231 0 P 0
L -0.0196855 2.7559051 0.0196845 2.7559051 0 P 0
L -0.0196855 2.7559051 0.0196845 2.7559051 0 P 0
L 0.0206685 3.5039371 0.0580705 3.5039371 1 P 0
L -0.0305115 1.9291331 -0.0305115 2.0866151 0 P 0
L -0.0393695 2.3228351 -0.0393695 2.3622051 0 P 0
L 0.0393705 3.4852371 0.0393705 3.5226371 1 P 0
L 0.0413385 0.8248031 0.0413385 0.9074811 1 P 0
L 0.0413385 0.8248031 0.1948825 0.8248031 1 P 0
L 0.0413385 0.9074811 0.1948825 0.9074811 1 P 0
L 0.0413385 1.4232291 0.0413385 1.5767711 1 P 0
L 0.0413385 2.8917311 0.0413385 2.9744091 1 P 0
L 0.0413385 2.8917311 0.1948825 2.8917311 1 P 0
L 0.0413385 2.9744091 0.1948825 2.9744091 1 P 0
L -0.0413395 1.4232291 0.0413385 1.4232291 1 P 0
L -0.0413395 1.4232291 -0.0413395 1.5767711 1 P 0
L -0.0413395 1.5767711 0.0413385 1.5767711 1 P 0
L -0.0472435 2.5472451 -0.0472435 2.6102371 1 P 0
L -0.0472435 2.5472451 0.0629925 2.5472451 1 P 0
L -0.0472435 2.6102371 0.0629925 2.6102371 1 P 0
L 0.0590545 3.8779531 0.0984245 3.8779531 0 P 0
L -0.0590555 2.3425211 -0.0196855 2.3425211 0 P 0
L -0.0590555 3.4891731 -0.0590555 3.5265751 1 P 0
L 0.0629915 2.4488191 0.0629915 2.5118111 1 P 0
L 0.0629915 2.4488191 0.1732275 2.4488191 1 P 0
L 0.0629915 2.5118111 0.1732275 2.5118111 1 P 0
L 0.0629925 2.5472451 0.0629925 2.6102371 1 P 0
L -0.0777555 3.5078731 -0.0403535 3.5078731 1 P 0
L 0.0787405 2.0078751 0.1181105 2.0078751 0 P 0
L 0.0787405 3.8582671 0.0787405 3.8976371 0 P 0
L 0.0807085 3.4271651 0.0807085 3.5807091 1 P 0
L -0.0944875 2.3129931 0.0157485 2.3129931 0 P 0
L -0.0944875 2.3129931 -0.0944875 2.3720491 0 P 0
L -0.0944875 2.3720491 0.0157485 2.3720491 0 P 0
L 0.0984245 1.9881891 0.0984245 2.0275591 0 P 0
L 0.0984255 2.4803151 0.1377955 2.4803151 0 P 0
L 0.0994105 0.8661411 0.1368105 0.8661411 1 P 0
L 0.0994105 2.9330711 0.1368105 2.9330711 1 P 0
L -0.1003935 3.4311031 -0.0177155 3.4311031 1 P 0
L -0.1003935 3.4311031 -0.1003935 3.5846451 1 P 0
L -0.1003935 3.5846451 -0.0177155 3.5846451 1 P 0
L 0.1181095 2.4606291 0.1181095 2.4999991 0 P 0
L 0.1181105 0.8474411 0.1181105 0.8848431 1 P 0
L 0.1181105 2.9143691 0.1181105 2.9517711 1 P 0
L -0.1249995 1.9881891 -0.1249995 2.0275591 0 P 0
L -0.1318895 1.7086611 -0.1318895 1.9133851 1 P 0
L -0.1318895 1.7086611 0.1318905 1.7086611 1 P 0
L -0.1318895 1.9133851 0.1318905 1.9133851 1 P 0
L 0.1318905 1.7086611 0.1318905 1.9133851 1 P 0
L 0.1359851 2.332834 0.1359851 2.415512 1 P 0
L 0.1359851 2.332834 0.2895271 2.332834 1 P 0
L 0.1359851 2.415512 0.2895271 2.415512 1 P 0
L -0.1397635 0.5492131 -0.1397635 0.6318891 1 P 0
L -0.1446855 2.0078751 -0.1053155 2.0078751 0 P 0
L 0.1614185 3.0216531 0.1614185 3.0807091 0 P 0
L 0.1614185 3.0216531 0.2716545 3.0216531 0 P 0
L 0.1614185 3.0807091 0.2716545 3.0807091 0 P 0
L -0.1633855 2.6377951 -0.1633855 2.8740151 1 P 0
L -0.1633855 2.6377951 0.1633865 2.6377951 1 P 0
L -0.1633855 2.8740151 0.1633865 2.8740151 1 P 0
L 0.1633865 2.6377951 0.1633865 2.8740151 1 P 0
L 0.1732275 2.4488191 0.1732275 2.5118111 1 P 0
L -0.1748035 2.2496071 -0.1748035 2.5173231 1 P 0
L 0.1751965 1.7381891 0.1751965 1.8917331 1 P 0
L 0.1751965 1.7381891 0.2578745 1.7381891 1 P 0
L 0.1751965 1.8917331 0.2578745 1.8917331 1 P 0
L 0.1751965 2.4389771 0.1751965 2.5925191 1 P 0
L 0.1751965 2.4389771 0.2578745 2.4389771 1 P 0
L 0.1751965 2.5925191 0.2578745 2.5925191 1 P 0
L -0.1751975 1.7106291 -0.1751975 1.8641731 1 P 0
L 0.1787405 3.7229531 0.1787405 4.0429531 1 P 0
L -0.1811015 3.7229531 0.1787405 3.7229531 1 P 0
L -0.1811015 3.7229531 -0.1811015 4.0429531 1 P 0
L -0.1811015 4.0429531 0.1787405 4.0429531 1 P 0
L 0.1830705 2.7539371 0.1830705 2.8366151 1 P 0
L 0.1830705 2.7539371 0.3366145 2.7539371 1 P 0
L 0.1830705 2.8366151 0.3366145 2.8366151 1 P 0
L 0.1929125 1.9291331 0.1929125 2.0866151 0 P 0
L 0.1940551 2.374172 0.2314571 2.374172 1 P 0
L 0.1948825 0.8248031 0.1948825 0.9074811 1 P 0
L 0.1948825 2.0059051 0.1948825 2.1594491 1 P 0
L 0.1948825 2.0059051 0.2775585 2.0059051 1 P 0
L 0.1948825 2.1594491 0.2775585 2.1594491 1 P 0
L 0.1948825 2.6496071 0.1948825 2.7440951 0 P 0
L 0.1948825 2.6496071 0.2381885 2.6496071 0 P 0
L 0.1948825 2.7440951 0.2381885 2.7440951 0 P 0
L 0.1948825 2.8917311 0.1948825 2.9744091 1 P 0
L 0.1968505 0.0216531 0.1968505 0.2145671 1 P 0
L 0.1968505 0.0216531 0.4488185 0.0216531 1 P 0
L 0.1968505 0.2145671 0.4488185 0.2145671 1 P 0
L 0.1968505 0.8681111 0.1968505 1.0610231 1 P 0
L 0.1968505 0.8681111 0.4488185 0.8681111 1 P 0
L 0.1968505 1.0610231 0.4488185 1.0610231 1 P 0
L 0.1968505 3.0511811 0.2362225 3.0511811 0 P 0
L 0.1978345 1.8149611 0.2352365 1.8149611 1 P 0
L 0.1978345 2.5157491 0.2352365 2.5157491 1 P 0
L 0.1978345 2.6968511 0.2352365 2.6968511 0 P 0
L 0.2127551 2.355472 0.2127551 2.392874 1 P 0
L -0.2145675 1.9547251 -0.2145675 2.1082671 1 P 0
L -0.2145675 3.6003931 -0.2145675 3.6830711 1 P 0
L 0.2165345 1.7962591 0.2165345 1.8336611 1 P 0
L 0.2165345 2.4970471 0.2165345 2.5344491 1 P 0
L 0.2165345 2.6781491 0.2165345 2.7155511 0 P 0
L -0.2165355 0.5718511 -0.2165355 0.6092511 1 P 0
L -0.2165355 1.7687011 -0.2165355 1.8061031 1 P 0
L 0.2165365 3.0314951 0.2165365 3.0708671 0 P 0
L 0.2175205 2.0826771 0.2549205 2.0826771 1 P 0
L -0.2185035 2.1240151 -0.2185035 2.2066931 1 P 0
L 0.2185045 3.7381891 0.2185045 3.8208671 1 P 0
L 0.2185045 3.7381891 0.3720465 3.7381891 1 P 0
L 0.2185045 3.8208671 0.3720465 3.8208671 1 P 0
L -0.2194875 1.9291331 -0.0305115 1.9291331 0 P 0
L -0.2194875 1.9291331 -0.2194875 2.0866151 0 P 0
L -0.2194875 2.0866151 -0.0305115 2.0866151 0 P 0
L 0.2204685 0.1555091 0.2204685 0.2381871 1 P 0
L 0.2204685 0.1555091 0.4251945 0.1555091 1 P 0
L 0.2204685 0.2381871 0.4251945 0.2381871 1 P 0
L 0.2204725 4.0452751 0.2204725 4.1043311 0 P 0
L 0.2204725 4.0452751 0.3307085 4.0452751 0 P 0
L 0.2204725 4.1043311 0.3307085 4.1043311 0 P 0
L -0.2322835 4.0452751 -0.2322835 4.1043311 0 P 0
L 0.2322845 0.8248031 0.2322845 0.9074811 1 P 0
L 0.2322845 0.8248031 0.4370085 0.8248031 1 P 0
L 0.2322845 0.9074811 0.4370085 0.9074811 1 P 0
L -0.2342515 2.6397631 -0.2342515 2.7933071 1 P 0
L -0.2352355 0.5905511 -0.1978335 0.5905511 1 P 0
L -0.2352355 1.7874011 -0.1978355 1.7874011 1 P 0
L 0.2362205 2.0639771 0.2362205 2.1013771 1 P 0
L 0.2381885 2.6496071 0.2381885 2.7440951 0 P 0
L 0.2411425 2.7952751 0.2785425 2.7952751 1 P 0
L 0.2421265 0.0374011 0.2421265 0.1200791 1 P 0
L 0.2421265 0.0374011 0.3956685 0.0374011 1 P 0
L 0.2421265 0.1200791 0.3956685 0.1200791 1 P 0
L 0.2460625 3.4803151 0.2460625 3.5905511 0 P 0
L 0.2460625 3.4803151 0.3051185 3.4803151 0 P 0
L 0.2460625 3.5905511 0.3051185 3.5905511 0 P 0
L -0.2559055 2.0127951 -0.2559055 2.0501971 1 P 0
L 0.2559065 3.5354331 0.2952765 3.5354331 0 P 0
L 0.2559065 4.0748031 0.2952765 4.0748031 0 P 0
L -0.2578735 1.7106291 -0.1751975 1.7106291 1 P 0
L -0.2578735 1.7106291 -0.2578735 1.8641731 1 P 0
L -0.2578735 1.8641731 -0.1751975 1.8641731 1 P 0
L -0.2578735 2.8070871 -0.2578735 3.0590551 1 P 0
L 0.2578745 1.7381891 0.2578745 1.8917331 1 P 0
L 0.2578745 2.4389771 0.2578745 2.5925191 1 P 0
L -0.2598415 2.5344491 -0.2598415 2.9773631 1 P 0
L -0.2598415 2.5344491 0.2598425 2.5344491 1 P 0
L -0.2598415 2.9773631 0.2598425 2.9773631 1 P 0
L 0.2598425 2.5344491 0.2598425 2.9773631 1 P 0
L 0.2598425 2.7765751 0.2598425 2.8139771 1 P 0
L 0.2716536 2.4566929 0.2716536 2.5826772 0 P 0
L 0.2716536 2.4566929 0.3976379 2.4566929 0 P 0
L 0.2716536 2.5826772 0.3976379 2.5826772 0 P 0
L 0.2716545 2.6338591 0.2716545 2.7598431 0 P 0
L 0.2716545 2.6338591 0.3976385 2.6338591 0 P 0
L 0.2716545 2.7598431 0.3976385 2.7598431 0 P 0
L 0.2716545 3.0216531 0.2716545 3.0807091 0 P 0
L -0.2736215 2.5610231 -0.2736215 2.7145671 1 P 0
L 0.2736225 3.8838591 0.2736225 4.0374011 1 P 0
L 0.2736225 3.8838591 0.3562985 3.8838591 1 P 0
L 0.2736225 4.0374011 0.3562985 4.0374011 1 P 0
L -0.2746055 2.0314971 -0.2372055 2.0314971 1 P 0
L 0.2755905 3.5157471 0.2755905 3.5551191 0 P 0
L 0.2755905 4.0551171 0.2755905 4.0944891 0 P 0
L -0.2755915 2.6978351 -0.2755915 2.7352371 1 P 0
L 0.2765745 3.7795271 0.3139765 3.7795271 1 P 0
L 0.2775585 2.0059051 0.2775585 2.1594491 1 P 0
L -0.2874015 4.0551171 -0.2874015 4.0944891 0 P 0
L 0.2895271 2.332834 0.2895271 2.415512 1 P 0
L -0.2913395 3.6230311 -0.2913395 3.6604331 1 P 0
L 0.2933065 1.7185031 0.2933065 1.8720471 1 P 0
L 0.2933065 1.7185031 0.3759845 1.7185031 1 P 0
L 0.2933065 1.8720471 0.3759845 1.8720471 1 P 0
L -0.2933075 0.5492131 -0.1397635 0.5492131 1 P 0
L -0.2933075 0.5492131 -0.2933075 0.6318891 1 P 0
L -0.2933075 0.6318891 -0.1397635 0.6318891 1 P 0
L -0.2933075 1.9547251 -0.2933075 2.1082671 1 P 0
L -0.2933075 3.7027551 -0.2933075 3.8562991 1 P 0
L -0.2933075 3.8602371 -0.2933075 4.0137791 1 P 0
L -0.2942915 2.7165351 -0.2568895 2.7165351 1 P 0
L -0.2952755 2.1466531 -0.2952755 2.1840551 1 P 0
L 0.2952765 3.7608271 0.2952765 3.7982291 1 P 0
L 0.2962605 3.9606291 0.3336605 3.9606291 1 P 0
L -0.2972435 1.9547251 -0.2145675 1.9547251 1 P 0
L -0.2972435 1.9547251 -0.2972435 2.1082671 1 P 0
L -0.2972435 2.1082671 -0.2145675 2.1082671 1 P 0
L 0.3001965 0.0787411 0.3375985 0.0787411 1 P 0
L 0.3031465 0.1968491 0.3425165 0.1968491 0 P 0
L 0.3031505 0.1181111 0.3425205 0.1181111 0 P 0
L 0.3031505 0.9645671 0.3425205 0.9645671 0 P 0
L 0.3051185 3.4803151 0.3051185 3.5905511 0 P 0
L -0.3070875 4.0748031 -0.2677155 4.0748031 0 P 0
L -0.3100395 3.6417331 -0.2726375 3.6417331 1 P 0
L 0.3129925 1.7460631 0.3129925 1.8366151 1 P 0
L 0.3129925 1.7460631 0.3562985 1.7460631 1 P 0
L 0.3129925 1.8366151 0.3562985 1.8366151 1 P 0
L -0.3139755 2.1653551 -0.2765755 2.1653551 1 P 0
L 0.3149605 0.8661411 0.3543305 0.8661411 0 P 0
L 0.3149605 2.6968511 0.3543305 2.6968511 0 P 0
L 0.3149605 3.9419291 0.3149605 3.9793311 1 P 0
L 0.3149607 2.519685 0.3543308 2.519685 0 P 0
L -0.3149615 2.6190951 -0.3149615 2.6564951 1 P 0
L 0.3159445 1.7913391 0.3533465 1.7913391 1 P 0
L 0.3159445 1.7952751 0.3533465 1.7952751 1 P 0
L -0.3163395 2.3637791 -0.3163395 2.4031491 0 P 0
L -0.3169295 2.6397631 -0.2342515 2.6397631 1 P 0
L -0.3169295 2.6397631 -0.3169295 2.7933071 1 P 0
L -0.3169295 2.7933071 -0.2342515 2.7933071 1 P 0
L 0.3188985 0.0600391 0.3188985 0.0974411 1 P 0
L 0.3228325 0.1771631 0.3228325 0.2165331 0 P 0
L 0.3228345 0.0984251 0.3228345 0.1377951 0 P 0
L 0.3228345 0.9448811 0.3228345 0.9842511 0 P 0
L 0.3307085 4.0452751 0.3307085 4.1043311 0 P 0
L -0.3336615 2.6377951 -0.2962595 2.6377951 1 P 0
L -0.3346455 2.0127951 -0.3346455 2.0501971 1 P 0
L -0.3346455 3.7608271 -0.3346455 3.7982291 1 P 0
L -0.3346455 3.9183071 -0.3346455 3.9557091 1 P 0
L 0.3346457 2.5 0.3346457 2.5393701 0 P 0
L 0.3346465 0.8464571 0.3346465 0.8858271 0 P 0
L 0.3346465 1.7726371 0.3346465 1.8100391 1 P 0
L 0.3346465 1.7765751 0.3346465 1.8139771 1 P 0
L 0.3346465 2.6771651 0.3346465 2.7165351 0 P 0
L -0.3360235 2.3834651 -0.2966535 2.3834651 0 P 0
L 0.3366145 2.7539371 0.3366145 2.8366151 1 P 0
L -0.3425195 4.0452751 -0.2322835 4.0452751 0 P 0
L -0.3425195 4.0452751 -0.3425195 4.1043311 0 P 0
L -0.3425195 4.1043311 -0.2322835 4.1043311 0 P 0
L -0.3523615 2.5610231 -0.3523615 2.7145671 1 P 0
L -0.3533455 2.0314951 -0.3159455 2.0314951 1 P 0
L -0.3533455 3.7795271 -0.3159455 3.7795271 1 P 0
L -0.3533455 3.9370071 -0.3159455 3.9370071 1 P 0
L -0.3543315 2.9133851 -0.3543315 2.9527551 0 P 0
L 0.3562985 1.7460631 0.3562985 1.8366151 1 P 0
L 0.3562985 3.8838591 0.3562985 4.0374011 1 P 0
L -0.3562995 2.5610231 -0.2736215 2.5610231 1 P 0
L -0.3562995 2.5610231 -0.3562995 2.7145671 1 P 0
L -0.3562995 2.7145671 -0.2736215 2.7145671 1 P 0
L -0.3681095 3.6003931 -0.2145675 3.6003931 1 P 0
L -0.3681095 3.6003931 -0.3681095 3.6830711 1 P 0
L -0.3681095 3.6830711 -0.2145675 3.6830711 1 P 0
L 0.3720465 3.7381891 0.3720465 3.8208671 1 P 0
L -0.3720475 2.1240151 -0.2185035 2.1240151 1 P 0
L -0.3720475 2.1240151 -0.3720475 2.2066931 1 P 0
L -0.3720475 2.2066931 -0.2185035 2.2066931 1 P 0
L -0.3740155 2.9330711 -0.3346455 2.9330711 0 P 0
L -0.3759835 1.9547251 -0.2933075 1.9547251 1 P 0
L -0.3759835 1.9547251 -0.3759835 2.1082671 1 P 0
L -0.3759835 2.1082671 -0.2933075 2.1082671 1 P 0
L -0.3759835 3.7027551 -0.2933075 3.7027551 1 P 0
L -0.3759835 3.7027551 -0.3759835 3.8562991 1 P 0
L -0.3759835 3.8562991 -0.2933075 3.8562991 1 P 0
L -0.3759835 3.8602371 -0.2933075 3.8602371 1 P 0
L -0.3759835 3.8602371 -0.3759835 4.0137791 1 P 0
L -0.3759835 4.0137791 -0.2933075 4.0137791 1 P 0
L 0.3759845 1.7185031 0.3759845 1.8720471 1 P 0
L -0.3937015 2.6190951 -0.3937015 2.6564951 1 P 0
L 0.3956685 0.0374011 0.3956685 0.1200791 1 P 0
L 0.3976379 2.4566929 0.3976379 2.5826772 0 P 0
L 0.3976385 2.6338591 0.3976385 2.7598431 0 P 0
L -0.4124015 2.6377951 -0.3749995 2.6377951 1 P 0
L 0.4251945 0.1555091 0.4251945 0.2381871 1 P 0
L -0.4350395 2.5610231 -0.3523615 2.5610231 1 P 0
L -0.4350395 2.5610231 -0.4350395 2.7145671 1 P 0
L -0.4350395 2.7145671 -0.3523615 2.7145671 1 P 0
L 0.4370085 0.8248031 0.4370085 0.9074811 1 P 0
L 0.4488185 0.0216531 0.4488185 0.2145671 1 P 0
L 0.4488185 0.8681111 0.4488185 1.0610231 1 P 0
L -0.4507875 2.8070871 -0.2578735 2.8070871 1 P 0
L -0.4507875 2.8070871 -0.4507875 3.0590551 1 P 0
L -0.4507875 3.0590551 -0.2578735 3.0590551 1 P 0
L -0.4578735 2.2496071 -0.1748035 2.2496071 1 P 0
L -0.4578735 2.2496071 -0.4578735 2.5173231 1 P 0
L -0.4578735 2.5173231 -0.1748035 2.5173231 1 P 0
